# Blender v2.83.5 OBJ File: 'untitled.blend'
# www.blender.org
mtllib box_scene.mtl
o Cube.001
v 1.485709 0.318602 1.720056
v 0.738845 0.605296 1.720056
v 0.612268 0.275552 2.437863
v 1.359132 -0.011143 2.437863
v 1.101893 -0.681273 2.084658
v 0.355029 -0.394579 2.084658
v 0.481606 -0.064834 1.366852
v 1.228470 -0.351528 1.366852
vt 0.625000 0.500000
vt 0.875000 0.500000
vt 0.875000 0.750000
vt 0.625000 0.750000
vt 0.375000 0.750000
vt 0.625000 1.000000
vt 0.375000 1.000000
vt 0.375000 0.000000
vt 0.625000 0.000000
vt 0.625000 0.250000
vt 0.375000 0.250000
vt 0.125000 0.500000
vt 0.375000 0.500000
vt 0.125000 0.750000
vn 0.3215 0.8377 0.4415
vn -0.1582 -0.4122 0.8973
vn -0.9336 0.3584 0.0000
vn -0.3215 -0.8377 -0.4415
vn 0.9336 -0.3584 -0.0000
vn 0.1582 0.4122 -0.8973
usemtl Material.001
s 1
f 1/1/1 2/2/1 3/3/1 4/4/1
f 5/5/2 4/4/2 3/6/2 6/7/2
f 6/8/3 3/9/3 2/10/3 7/11/3
f 7/12/4 8/13/4 5/5/4 6/14/4
f 8/13/5 1/1/5 4/4/5 5/5/5
f 7/11/6 2/10/6 1/1/6 8/13/6
o Cube.002
v -1.089069 -0.665346 1.669221
v -0.294121 -0.715236 1.594591
v -0.209599 -0.523315 2.366615
v -1.004546 -0.473425 2.441246
v -0.974305 0.301609 2.245265
v -0.179357 0.251719 2.170635
v -0.263880 0.059798 1.398611
v -1.058828 0.109688 1.473241
vt 0.625000 0.500000
vt 0.875000 0.500000
vt 0.875000 0.750000
vt 0.625000 0.750000
vt 0.375000 0.750000
vt 0.625000 1.000000
vt 0.375000 1.000000
vt 0.375000 0.000000
vt 0.625000 0.000000
vt 0.625000 0.250000
vt 0.375000 0.250000
vt 0.125000 0.500000
vt 0.375000 0.500000
vt 0.125000 0.750000
vn -0.0378 -0.9688 0.2450
vn 0.1057 0.2399 0.9650
vn 0.9937 -0.0624 -0.0933
vn 0.0378 0.9688 -0.2450
vn -0.9937 0.0624 0.0933
vn -0.1057 -0.2399 -0.9650
usemtl Material.002
s 1
f 9/15/7 10/16/7 11/17/7 12/18/7
f 13/19/8 12/18/8 11/20/8 14/21/8
f 14/22/9 11/23/9 10/24/9 15/25/9
f 15/26/10 16/27/10 13/19/10 14/28/10
f 16/27/11 9/15/11 12/18/11 13/19/11
f 15/25/12 10/24/12 9/15/12 16/27/12
o Cube.003
v 0.667349 1.435701 1.981368
v -0.082235 1.711055 2.029366
v -0.234116 1.194463 2.621029
v 0.515469 0.919110 2.573032
v 0.280829 0.373845 2.036719
v -0.468756 0.649199 2.084716
v -0.316875 1.165790 1.493053
v 0.432709 0.890437 1.445056
vt 0.625000 0.500000
vt 0.875000 0.500000
vt 0.875000 0.750000
vt 0.625000 0.750000
vt 0.375000 0.750000
vt 0.625000 1.000000
vt 0.375000 1.000000
vt 0.375000 0.000000
vt 0.625000 0.000000
vt 0.625000 0.250000
vt 0.375000 0.250000
vt 0.125000 0.500000
vt 0.375000 0.500000
vt 0.125000 0.750000
vn 0.2933 0.6816 0.6704
vn -0.1899 -0.6457 0.7396
vn -0.9370 0.3442 0.0600
vn -0.2933 -0.6816 -0.6704
vn 0.9370 -0.3442 -0.0600
vn 0.1899 0.6457 -0.7396
usemtl Material.003
s 1
f 17/29/13 18/30/13 19/31/13 20/32/13
f 21/33/14 20/32/14 19/34/14 22/35/14
f 22/36/15 19/37/15 18/38/15 23/39/15
f 23/40/16 24/41/16 21/33/16 22/42/16
f 24/41/17 17/29/17 20/32/17 21/33/17
f 23/39/18 18/38/18 17/29/18 24/41/18
